1.000000000 0.000000000 -0.000000000 -0.000000000 0.000000000 1.000000000 -0.000000000 0.000000000 0.000000000 -0.000000000 1.000000000 0.000000000
1.000000291 0.000017723 0.000001566 0.000001120 -0.000017761 0.999999835 0.000014241 0.000019967 -0.000001319 -0.000014266 1.000000470 -0.000000241
0.999999705 0.000040968 -0.000015287 0.000003919 -0.000040967 0.999999185 0.000043030 0.000069885 0.000015226 -0.000043071 1.000000329 -0.000000844
0.999999991 0.000064489 -0.000033996 0.000010638 -0.000064497 1.000000011 0.000114191 0.000189688 0.000033825 -0.000114290 1.000000049 -0.000002292
1.000000027 0.000041836 -0.000019473 0.000010078 -0.000041835 0.999999355 0.000107862 0.000179704 0.000019463 -0.000107888 0.999999525 -0.000002171
1.000000115 0.000005342 -0.000029832 0.000010638 -0.000005364 0.999999337 0.000112952 0.000189688 0.000029133 -0.000112979 0.999999691 -0.000002292
1.000000548 0.000011843 -0.000021699 0.000011198 -0.000011784 0.999999905 0.000118505 0.000199672 0.000022042 -0.000118667 0.999999645 -0.000002413
1.000000018 0.000007640 -0.000022004 0.000011757 -0.000007556 1.000000070 0.000124540 0.000209655 0.000021348 -0.000124545 1.000000339 -0.000002533
1.000000244 0.000065631 -0.000052990 0.000008398 -0.000065674 0.999999197 0.000093317 0.000149754 0.000053687 -0.000093444 0.999999742 -0.000001809
0.999999679 0.000059328 -0.000099386 0.000008958 -0.000059275 0.999999434 0.000102927 0.000159737 0.000099833 -0.000103041 0.999999501 -0.000001930
0.999999936 0.000031709 -0.000100941 0.000010078 -0.000031730 0.999999876 0.000111838 0.000179704 0.000101033 -0.000111827 1.000000284 -0.000002171
1.000000050 0.000034120 -0.000104083 0.000010638 -0.000034106 0.999999643 0.000119821 0.000189688 0.000103879 -0.000119846 0.999999794 -0.000002292
1.000000325 0.000018159 -0.000096276 0.000015677 -0.000018182 0.999999934 0.000169862 0.000279540 0.000096643 -0.000169908 0.999999459 -0.000003378
1.000000146 0.000008181 -0.000087135 0.000013997 -0.000008159 0.999999676 0.000154534 0.000249590 0.000088068 -0.000154617 1.000000183 -0.000003016
1.000000256 0.000006758 -0.000079626 0.000015117 -0.000006657 0.999999658 0.000162618 0.000269557 0.000080239 -0.000162725 0.999999464 -0.000003257
0.999999748 0.000023700 -0.000101195 0.000014557 -0.000023598 0.999999770 0.000157624 0.000259573 0.000101701 -0.000157688 0.999999980 -0.000003136
0.999999647 0.000046275 -0.000098711 0.000011198 -0.000046161 0.999999883 0.000126434 0.000199672 0.000099032 -0.000126527 0.999999984 -0.000002413
1.000000391 0.000035566 -0.000091776 0.000010078 -0.000035564 0.999999673 0.000110622 0.000179704 0.000092502 -0.000110675 1.000000195 -0.000002171
0.999999628 0.000063491 -0.000045508 0.000012317 -0.000063438 0.999999784 0.000137567 0.000219639 0.000045207 -0.000137697 0.999999477 -0.000002654
0.999999675 0.000070997 -0.000018127 0.000013437 -0.000071078 0.999999294 0.000143348 0.000239606 0.000018283 -0.000143394 0.999999863 -0.000002895
1.000000157 0.000037341 0.000021866 0.000012877 -0.000037441 0.999999292 0.000133895 0.000229622 -0.000022462 -0.000133970 0.999999957 -0.000002775
1.000000659 0.000046977 0.000027101 0.000017916 -0.000047036 0.999999094 0.000188390 0.000319475 -0.000026697 -0.000188554 0.999999816 -0.000003860
1.000000222 0.000047755 0.000022999 0.000017916 -0.000047769 1.000000024 0.000190727 0.000319475 -0.000023104 -0.000190830 1.000000161 -0.000003860
1.000000236 0.000038304 0.000021130 0.000022395 -0.000038230 1.000000045 0.000232899 0.000399343 -0.000021044 -0.000232944 1.000000024 -0.000004825
1.000000109 -0.000003766 0.000009502 0.000021835 0.000003688 0.999999446 0.000229040 0.000389360 -0.000009264 -0.000229092 0.999999656 -0.000004705
1.000000253 -0.000034499 0.000035931 0.000021275 0.000034411 0.999999302 0.000217849 0.000379376 -0.000035761 -0.000217865 1.000000248 -0.000004584
1.000000476 -0.000030859 0.000047115 0.000019596 0.000030856 0.999999286 0.000202295 0.000349425 -0.000047113 -0.000202285 1.000000084 -0.000004222
0.999999729 -0.000044076 0.000023339 0.000021275 0.000044101 0.999999789 0.000221956 0.000379376 -0.000023717 -0.000221994 0.999999908 -0.000004584
1.000000311 -0.000046142 0.000010508 0.000022395 0.000046134 0.999999768 0.000233297 0.000399343 -0.000010295 -0.000233383 1.000000247 -0.000004825
1.000000054 -0.000036598 0.000015509 0.000025194 0.000036674 0.999999931 0.000258460 0.000449261 -0.000015174 -0.000258431 1.000000337 -0.000005428
1.000000128 -0.000071904 0.000021135 0.000025194 0.000071956 0.999999912 0.000258138 0.000449261 -0.000021111 -0.000258089 0.999999844 -0.000005428
1.000000180 -0.000086601 0.000022159 0.000022955 0.000086567 0.999999982 0.000237557 0.000409327 -0.000021930 -0.000237629 1.000000610 -0.000004946
1.000000330 -0.000097143 0.000043301 0.000025754 0.000097118 0.999999300 0.000260103 0.000459245 -0.000043315 -0.000260121 1.000000007 -0.000005549
0.999999734 -0.000077598 0.000037138 0.000027994 0.000077691 0.999999849 0.000289692 0.000499179 -0.000037444 -0.000289744 0.999999628 -0.000006032
1.000000583 -0.000063310 0.000035110 0.000026874 0.000063254 0.999999180 0.000278690 0.000479212 -0.000034577 -0.000278788 0.999999886 -0.000005790
0.999999953 -0.000063523 0.000033897 0.000026314 0.000063499 0.999999289 0.000270738 0.000469228 -0.000033813 -0.000270749 0.999999339 -0.000005670
0.999999984 -0.000112998 0.000056861 0.000023515 0.000112992 0.999999470 0.000236601 0.000419310 -0.000057595 -0.000236720 0.999999690 -0.000005067
1.000000202 -0.000139772 0.000057130 0.000024075 0.000139838 0.999999912 0.000241393 0.000429294 -0.000056386 -0.000241534 0.999999632 -0.000005187
0.999999838 -0.000138223 0.000050930 0.000021835 0.000138216 0.999999082 0.000220005 0.000389360 -0.000051373 -0.000220085 0.999999621 -0.000004705
0.999999983 -0.000144648 0.000102119 0.000023515 0.000144601 0.999999300 0.000231863 0.000419310 -0.000102542 -0.000231872 0.999999996 -0.000005067
0.999999661 -0.000134835 0.000091634 0.000022395 0.000134933 0.999999855 0.000223231 0.000399343 -0.000091796 -0.000223299 0.999999562 -0.000004825
1.000000001 -0.000105763 0.000068597 0.000021275 0.000105742 0.999999298 0.000217218 0.000379376 -0.000068902 -0.000217338 1.000000214 -0.000004584
0.999999889 -0.000066773 0.000037103 0.000020715 0.000066773 0.999999160 0.000213575 0.000369393 -0.000036670 -0.000213673 1.000000175 -0.000004463
0.999999836 -0.000088959 -0.000005902 0.000020156 0.000088916 0.999999468 0.000208169 0.000359409 0.000005058 -0.000208242 0.999999743 -0.000004343
1.000000304 -0.000102257 -0.000050515 0.000019036 0.000102258 0.999999320 0.000199249 0.000339442 0.000050353 -0.000199261 0.999999477 -0.000004102
0.999999963 -0.000126049 -0.000014954 0.000018476 0.000126087 0.999999809 0.000186243 0.000329458 0.000014720 -0.000186308 0.999999987 -0.000003981
1.000000147 -0.000128919 -0.000007348 0.000020156 0.000128886 0.999999713 0.000207550 0.000359409 0.000006875 -0.000207635 0.999999875 -0.000004343
0.999999878 -0.000101950 0.000018411 0.000025194 0.000101943 0.999999571 0.000259897 0.000449261 -0.000019174 -0.000259983 1.000000071 -0.000005428
1.000000333 -0.000062002 0.000020949 0.000026874 0.000061938 0.999999092 0.000279983 0.000479212 -0.000020348 -0.000280039 0.999999704 -0.000005790
1.000000161 -0.000051846 0.000023692 0.000027994 0.000051789 0.999999402 0.000290051 0.000499179 -0.000023810 -0.000290093 1.000000100 -0.000006032
1.000000329 -0.000039433 0.000014079 0.000027434 0.000039380 0.999999789 0.000283280 0.000489196 -0.000013798 -0.000283380 1.000000286 -0.000005911
0.999999865 -0.000105332 -0.000002595 0.000030793 0.000105314 0.999999093 0.000315264 0.000549097 0.000002809 -0.000315264 1.000000106 -0.000006635
0.999999887 -0.000107905 -0.000000992 0.000030793 0.000107900 0.999999195 0.000318678 0.000549097 0.000001369 -0.000318730 0.999999941 -0.000006635
0.999999714 -0.000125507 -0.000004237 0.000030233 0.000125572 0.999999272 0.000311151 0.000539113 0.000004097 -0.000311146 1.000000280 -0.000006514
1.000000067 -0.000121304 -0.000018538 0.000030233 0.000121325 0.999999049 0.000309948 0.000539113 0.000019004 -0.000310095 1.000000129 -0.000006514
0.999999952 -0.000113535 0.000000845 0.000031913 0.000113471 0.999999419 0.000326285 0.000569064 -0.000001516 -0.000326328 0.999999724 -0.000006876
1.000000406 -0.000111840 0.000011911 0.000035832 0.000111822 0.999999792 0.000370439 0.000638949 -0.000011482 -0.000370491 0.999999854 -0.000007720
0.999999994 -0.000103533 0.000027502 0.000035832 0.000103545 0.999999338 0.000369465 0.000638949 -0.000027004 -0.000369516 0.999999907 -0.000007720
1.000000139 -0.000116726 0.000042985 0.000035832 0.000116677 0.999999112 0.000366595 0.000638949 -0.000042018 -0.000366578 0.999999984 -0.000007720
1.000000351 -0.000149961 0.000085543 0.000039751 0.000149894 0.999999535 0.000402866 0.000708834 -0.000085575 -0.000402909 0.999999525 -0.000008565
0.999999860 -0.000155659 0.000110265 0.000045350 0.000155623 0.999999141 0.000461882 0.000808670 -0.000111128 -0.000461961 0.999999765 -0.000009771
1.000000525 -0.000151596 0.000109239 0.000045910 0.000151604 0.999999832 0.000468751 0.000818654 -0.000109028 -0.000468784 0.999999807 -0.000009892
1.000000403 -0.000185283 0.000083391 0.000047030 0.000185272 0.999999624 0.000476612 0.000838621 -0.000083703 -0.000476605 0.999999898 -0.000010133
1.000000128 -0.000218023 0.000067397 0.000046470 0.000217935 0.999999531 0.000470398 0.000828637 -0.000067585 -0.000470455 0.999999931 -0.000010012
0.999999833 -0.000239666 0.000076810 0.000050389 0.000239574 0.999999261 0.000510240 0.000898522 -0.000076942 -0.000510358 1.000000237 -0.000010857
0.999999999 -0.000199789 0.000065099 0.000047030 0.000199740 0.999999398 0.000479743 0.000838621 -0.000065314 -0.000479727 1.000000067 -0.000010133
1.000000453 -0.000156248 0.000047828 0.000046470 0.000156252 0.999999006 0.000475906 0.000828637 -0.000048007 -0.000475893 1.000000196 -0.000010012
1.000000029 -0.000149977 0.000064342 0.000048149 0.000149961 0.999999468 0.000491405 0.000858588 -0.000064961 -0.000491427 1.000000050 -0.000010374
1.000000020 -0.000179407 0.000067060 0.000048149 0.000179373 0.999999138 0.000489547 0.000858588 -0.000068010 -0.000489542 0.999999824 -0.000010374
0.999999983 -0.000200812 0.000082721 0.000053188 0.000200737 0.999999725 0.000540149 0.000948440 -0.000082357 -0.000540261 0.999999503 -0.000011460
1.000000117 -0.000195631 0.000092814 0.000053188 0.000195584 0.999999416 0.000541793 0.000948440 -0.000093690 -0.000541780 1.000000022 -0.000011460
0.999999794 -0.000172988 0.000106907 0.000049269 0.000173005 0.999999622 0.000502637 0.000878555 -0.000106987 -0.000502604 0.999999770 -0.000010616
0.999999953 -0.000151685 0.000051284 0.000049829 0.000151739 0.999999310 0.000512365 0.000888539 -0.000050770 -0.000512429 0.999999631 -0.000010736
0.999999920 -0.000152994 0.000019553 0.000051509 0.000153020 0.999999174 0.000529668 0.000918490 -0.000019542 -0.000529704 0.999999463 -0.000011098
1.000000330 -0.000189405 0.000030508 0.000053188 0.000189425 0.999999007 0.000546687 0.000948440 -0.000030487 -0.000546727 0.999999796 -0.000011460
1.000000512 -0.000167953 0.000022229 0.000052628 0.000167975 0.999999906 0.000538538 0.000938457 -0.000022541 -0.000538614 0.999999874 -0.000011339
0.999999978 -0.000180990 0.000028349 0.000050949 0.000180949 0.999999838 0.000521863 0.000908506 -0.000028975 -0.000521848 0.999999454 -0.000010978
0.999999590 -0.000205394 0.000000321 0.000050389 0.000205451 0.999999274 0.000516027 0.000898522 -0.000000722 -0.000516003 0.999999835 -0.000010857
1.000000010 -0.000171910 -0.000002094 0.000050949 0.000171901 0.999999310 0.000523276 0.000908506 0.000001611 -0.000523354 0.999999996 -0.000010978
1.000000030 -0.000155921 0.000003106 0.000049829 0.000155906 0.999999511 0.000515367 0.000888539 -0.000003956 -0.000515465 0.999999594 -0.000010736
1.000000157 -0.000122332 0.000030094 0.000046470 0.000122339 0.999999087 0.000477494 0.000828637 -0.000029282 -0.000477532 0.999999617 -0.000010012
1.000000024 -0.000104601 0.000019337 0.000045910 0.000104539 0.999999117 0.000475496 0.000818654 -0.000019205 -0.000475616 0.999999869 -0.000009892
0.999999681 -0.000122222 0.000043073 0.000046470 0.000122203 0.999999047 0.000480275 0.000828637 -0.000042727 -0.000480310 0.999999874 -0.000010012
0.999999649 -0.000115368 0.000070959 0.000045910 0.000115352 0.999999790 0.000469902 0.000818654 -0.000071069 -0.000469916 1.000000331 -0.000009892
1.000000173 -0.000126451 0.000080904 0.000044790 0.000126428 0.999999560 0.000457424 0.000798687 -0.000080423 -0.000457510 1.000000254 -0.000009651
0.999999984 -0.000158344 0.000103308 0.000044790 0.000158314 0.999999409 0.000452155 0.000798687 -0.000103350 -0.000452215 0.999999738 -0.000009651
1.000000171 -0.000104647 0.000139242 0.000042551 0.000104583 0.999999619 0.000434311 0.000758752 -0.000139185 -0.000434301 0.999999539 -0.000009168
0.999999886 -0.000093817 0.000118707 0.000040311 0.000093822 0.999999292 0.000411121 0.000718818 -0.000119207 -0.000411118 0.999999384 -0.000008686
1.000000221 -0.000092316 0.000130246 0.000040871 0.000092264 0.999999181 0.000413383 0.000728801 -0.000130583 -0.000413379 0.999999771 -0.000008806
1.000000322 -0.000137828 0.000126766 0.000039751 0.000137780 0.999999870 0.000401664 0.000708834 -0.000126658 -0.000401779 1.000000162 -0.000008565
1.000000152 -0.000143969 0.000124915 0.000038072 0.000144025 0.999999447 0.000382331 0.000678884 -0.000124558 -0.000382353 0.999999753 -0.000008203
0.999999788 -0.000170230 0.000113861 0.000036952 0.000170224 0.999999005 0.000375041 0.000658916 -0.000113356 -0.000375067 1.000000069 -0.000007962
0.999999579 -0.000178412 0.000104666 0.000041991 0.000178451 0.999999850 0.000426037 0.000748769 -0.000104878 -0.000425960 0.999999805 -0.000009047
0.999999840 -0.000179250 0.000094834 0.000040871 0.000179166 0.999999022 0.000415373 0.000728801 -0.000094258 -0.000415516 1.000000037 -0.000008806
0.999999888 -0.000186622 0.000098949 0.000038631 0.000186623 0.999999765 0.000388095 0.000688867 -0.000098574 -0.000388181 0.999999869 -0.000008324
0.999999981 -0.000198313 0.000120970 0.000038631 0.000198362 0.999999428 0.000387464 0.000688867 -0.000121382 -0.000387504 1.000000064 -0.000008324
1.000000549 -0.000227544 0.000109441 0.000040871 0.000227521 0.999999787 0.000410540 0.000728801 -0.000109573 -0.000410558 0.999999495 -0.000008806
1.000000541 -0.000177175 0.000108726 0.000043110 0.000177043 0.999999678 0.000434427 0.000768736 -0.000109211 -0.000434444 1.000000097 -0.000009289
0.999999841 -0.000171336 0.000072638 0.000043110 0.000171311 0.999999306 0.000438048 0.000768736 -0.000072906 -0.000438150 0.999999701 -0.000009289
1.000000378 -0.000138576 0.000053276 0.000043670 0.000138560 0.999999362 0.000447250 0.000778719 -0.000053553 -0.000447283 0.999999921 -0.000009409
1.000000563 -0.000149468 0.000042118 0.000044230 0.000149404 0.999999917 0.000451777 0.000788703 -0.000042289 -0.000451864 0.999999452 -0.000009530
1.000000009 -0.000121399 0.000037978 0.000047589 0.000121434 0.999999884 0.000490081 0.000848604 -0.000038491 -0.000490114 1.000000252 -0.000010254
1.000000175 -0.000160157 0.000053265 0.000049829 0.000160105 0.999999828 0.000508855 0.000888539 -0.000053689 -0.000508847 1.000000192 -0.000010736
1.000000163 -0.000162149 0.000055149 0.000048149 0.000162092 0.999999139 0.000492122 0.000858588 -0.000055122 -0.000492198 1.000000145 -0.000010374
1.000000335 -0.000144950 0.000009033 0.000049269 0.000145004 0.999999000 0.000506724 0.000878555 -0.000009584 -0.000506773 0.999999844 -0.000010616
0.999999920 -0.000158473 -0.000033791 0.000052068 0.000158471 0.999999343 0.000541178 0.000928473 0.000033658 -0.000541220 0.999999821 -0.000011219
1.000000254 -0.000154336 -0.000015433 0.000052068 0.000154231 0.999999134 0.000539245 0.000928473 0.000015913 -0.000539311 0.999999637 -0.000011219
0.999999853 -0.000190335 -0.000052656 0.000056547 0.000190455 0.999999605 0.000584404 0.001008342 0.000052602 -0.000584485 0.999999754 -0.000012184
1.000000349 -0.000261980 -0.000068269 0.000056547 0.000262035 0.999999609 0.000584979 0.001008342 0.000068374 -0.000585060 0.999999705 -0.000012184
1.000000277 -0.000246069 -0.000053436 0.000057667 0.000246135 0.999999589 0.000595666 0.001028309 0.000053587 -0.000595760 0.999999742 -0.000012425
0.999999740 -0.000232378 -0.000023732 0.000056547 0.000232485 0.999998998 0.000581074 0.001008342 0.000023917 -0.000581132 0.999999359 -0.000012184
1.000000530 -0.000195868 -0.000016925 0.000054868 0.000195788 0.999999173 0.000562967 0.000978391 0.000016301 -0.000562982 0.999999599 -0.000011822
1.000000234 -0.000170195 -0.000021610 0.000055988 0.000170225 0.999999530 0.000580060 0.000998358 0.000021479 -0.000580154 0.999999890 -0.000012063
1.000000075 -0.000209400 -0.000034284 0.000057667 0.000209358 0.999999554 0.000594197 0.001028309 0.000034701 -0.000594305 1.000000195 -0.000012425
0.999999842 -0.000213992 -0.000028960 0.000057107 0.000214010 0.999999881 0.000588484 0.001018325 0.000029009 -0.000588508 0.999999767 -0.000012305
1.000000212 -0.000228009 -0.000039381 0.000057667 0.000228148 0.999999617 0.000592476 0.001028309 0.000040234 -0.000592524 0.999999947 -0.000012425
0.999999940 -0.000167977 -0.000035121 0.000054868 0.000168110 0.999999554 0.000567795 0.000978391 0.000035717 -0.000567856 0.999999748 -0.000011822
0.999999707 -0.000145457 -0.000072278 -0.000579635 0.000145525 0.999999430 0.000639292 0.001143409 0.000072102 -0.000639334 0.999999671 0.000752753
1.000000075 -0.000145807 -0.000083076 -0.000577395 0.000145950 0.999999179 0.000661734 0.001183344 0.000084134 -0.000661804 0.999999752 0.000752271
1.000000068 -0.000159279 -0.000042942 -0.000577955 0.000159375 0.999999017 0.000654776 0.001173360 0.000042867 -0.000654795 0.999999815 0.000752391
1.000000166 -0.000117755 -0.000006375 0.000059907 0.000117759 0.999999074 0.000623075 0.001068243 0.000006243 -0.000623173 0.999999660 -0.000012908
0.999999497 -0.000091612 0.000000392 0.000060467 0.000091671 0.999999536 0.000629408 0.001078227 -0.000000610 -0.000629384 0.999999729 -0.000013028
0.999999903 -0.000043755 0.000005148 -0.000583554 0.000043714 0.999999212 0.000599899 0.001073524 -0.000005273 -0.000599878 1.000000230 0.000753598
0.999999659 -0.000023837 0.000035680 -0.000581314 0.000023828 0.999999791 0.000625222 0.001113459 -0.000035633 -0.000625275 0.999999490 0.000753115
0.999999542 -0.000024381 0.000029234 -0.000577395 0.000024413 0.999999388 0.000661246 0.001183344 -0.000029238 -0.000661215 0.999999800 0.000752271
0.999999852 -0.000110244 0.000025226 0.000061027 0.000110289 0.999999588 0.000628615 0.001088210 -0.000024910 -0.000628666 0.999999676 -0.000013149
1.000000396 -0.000161552 0.000018980 0.000061027 0.000161506 0.999999426 0.000631568 0.001088210 -0.000019645 -0.000631527 0.999999496 -0.000013149
0.999999732 -0.000184137 0.000017678 0.000063826 0.000184105 0.999999361 0.000658684 0.001138128 -0.000017618 -0.000658784 0.999999417 -0.000013752
1.000000536 -0.000156539 0.000030460 0.000066065 0.000156453 0.999999523 0.000683110 0.001178063 -0.000030979 -0.000683080 0.999999536 -0.000014235
0.999999384 -0.000190598 0.000033795 0.000071104 0.000190638 0.999998876 0.000728899 0.001267915 -0.000033961 -0.000728914 0.999999625 -0.000015320
0.999999765 -0.000195277 0.000032652 0.000071104 0.000195240 0.999999080 0.000733672 0.001267915 -0.000032608 -0.000733756 0.999999692 -0.000015320
1.000000212 -0.000249991 0.000055552 0.007726455 0.000249934 0.999998962 0.000748715 0.000956323 -0.000055044 -0.000748741 0.999999696 0.006411197
0.999999546 -0.000314756 0.000112722 0.007723655 0.000314679 0.999998980 0.000716263 0.000906405 -0.000112946 -0.000716274 0.999999861 0.006411800
0.999999944 -0.000325237 0.000131128 0.007724775 0.000325250 0.999999443 0.000726654 0.000926372 -0.000131513 -0.000726641 1.000000295 0.006411559
1.000000491 -0.000280447 0.000128059 0.007725335 0.000280284 0.999998821 0.000735935 0.000936356 -0.000128401 -0.000735977 0.999999790 0.006411438
1.000000220 -0.000291368 0.000171158 0.007728694 0.000291202 0.999999044 0.000768178 0.000996258 -0.000171047 -0.000768238 1.000000022 0.006410715
1.000000006 -0.000272436 0.000194148 0.007724775 0.000272311 0.999999532 0.000723013 0.000926372 -0.000193609 -0.000722916 0.999999739 0.006411559
1.000000062 -0.000286737 0.000202090 0.007727575 0.000286527 0.999999002 0.000750311 0.000976290 -0.000202234 -0.000750260 0.999999555 0.006410956
1.000000349 -0.000311125 0.000222839 0.007733733 0.000311000 0.999999600 0.000813961 0.001086110 -0.000223020 -0.000813920 1.000000112 0.006409629
1.000000113 -0.000304303 0.000229146 0.007733733 0.000304126 0.999999239 0.000812107 0.001086110 -0.000229338 -0.000812105 1.000000279 0.006409629
0.999999897 -0.000255010 0.000224084 0.007737092 0.000254822 0.999999024 0.000849837 0.001146011 -0.000223998 -0.000849809 0.999999036 0.006408905
1.000000125 -0.000315516 0.000236602 0.007735413 0.000315357 0.999999642 0.000830719 0.001116061 -0.000236518 -0.000830784 1.000000199 0.006409267
0.999999727 -0.000302202 0.000224251 0.007733733 0.000302105 0.999999099 0.000813980 0.001086110 -0.000224321 -0.000813993 0.999999987 0.006409629
1.000000601 -0.000315672 0.000223139 0.007733173 0.000315493 0.999998928 0.000807826 0.001076126 -0.000223074 -0.000807765 0.999999419 0.006409750
1.000000120 -0.000324305 0.000200983 0.007732613 0.000324191 0.999999433 0.000806061 0.001066143 -0.000201798 -0.000806015 0.999999254 0.006409870
1.000000500 -0.000322853 0.000187940 0.007733733 0.000322630 0.999999259 0.000813608 0.001086110 -0.000188333 -0.000813666 0.999999639 0.006409629
0.999999505 -0.000340800 0.000163059 0.007738212 0.000340723 0.999998657 0.000863880 0.001165978 -0.000162819 -0.000863901 0.999999342 0.006408664
1.000000454 -0.000306696 0.000137059 0.007738212 0.000306515 0.999998686 0.000869046 0.001165978 -0.000137813 -0.000869034 0.999999466 0.006408664
0.999999805 -0.000292792 0.000135451 0.007738212 0.000292748 0.999998950 0.000865532 0.001165978 -0.000136238 -0.000865505 0.999999632 0.006408664
1.000000149 -0.000279906 0.000148240 0.007735413 0.000279863 0.999999541 0.000839780 0.001116061 -0.000148244 -0.000839741 1.000000110 0.006409267
1.000000194 -0.000263542 0.000169646 0.007738212 0.000263378 0.999999295 0.000867018 0.001165978 -0.000169426 -0.000867019 0.999999449 0.006408664
0.999999847 -0.000267035 0.000158929 0.007738212 0.000266923 0.999999507 0.000865719 0.001165978 -0.000159483 -0.000865648 0.999999693 0.006408664
0.999999995 -0.000301990 0.000156051 0.007737092 0.000301811 0.999999614 0.000853255 0.001146011 -0.000156196 -0.000853271 0.999999325 0.006408905
0.999999912 -0.000350861 0.000115532 0.007743251 0.000350780 0.999999603 0.000915129 0.001255831 -0.000116076 -0.000915196 0.999999613 0.006407578
1.000000001 -0.000362998 0.000131099 0.007745491 0.000362914 0.999998996 0.000938895 0.001295765 -0.000131078 -0.000938897 0.999999492 0.006407096
1.000000298 -0.000389925 0.000152448 0.007744371 0.000389774 0.999998655 0.000926283 0.001275798 -0.000153301 -0.000926300 0.999999831 0.006407337
1.000000022 -0.000389456 0.000155468 0.007744931 0.000389254 0.999998586 0.000929816 0.001285781 -0.000156113 -0.000929820 0.999999540 0.006407216
0.999999574 -0.000378708 0.000162303 0.007743251 0.000378586 0.999999197 0.000912207 0.001255831 -0.000162386 -0.000912243 0.999999773 0.006407578
0.999999946 -0.000430850 0.000166371 0.007743251 0.000430686 0.999999152 0.000909271 0.001255831 -0.000167760 -0.000909283 0.999999436 0.006407578
1.000000366 -0.000465299 0.000136645 0.007744371 0.000465193 0.999998911 0.000923463 0.001275798 -0.000136809 -0.000923354 0.999999823 0.006407337
1.000000081 -0.000454502 0.000117085 0.007741012 0.000454432 0.999998678 0.000892505 0.001215896 -0.000116831 -0.000892502 0.999999638 0.006408061
0.999999920 -0.000421608 0.000121754 0.007739332 0.000421530 0.999999046 0.000875112 0.001185946 -0.000121551 -0.000875171 0.999999351 0.006408423
1.000000318 -0.000347508 0.000141358 0.007742131 0.000347344 0.999999515 0.000906868 0.001235864 -0.000141642 -0.000906901 0.999999527 0.006407819
0.999999643 -0.000344285 0.000146657 0.007742691 0.000344109 0.999999271 0.000912183 0.001245847 -0.000147239 -0.000912153 0.999999732 0.006407699
0.999999863 -0.000343772 0.000144077 0.007745491 0.000343629 0.999998885 0.000941676 0.001295765 -0.000144415 -0.000941725 0.999999748 0.006407096
0.999999895 -0.000331474 0.000168731 0.007112668 0.000331317 0.999999196 0.001024632 0.001490734 -0.000168465 -0.001024658 0.999999824 0.007171309
1.000000024 -0.000372594 0.000169514 0.007116587 0.000372465 0.999999027 0.001063749 0.001560619 -0.000169480 -0.001063768 0.999999475 0.007170465
1.000000387 -0.000331851 0.000154770 0.007121066 0.000331753 0.999999110 0.001116463 0.001640488 -0.000155024 -0.001116480 0.999999688 0.007169500
0.999999885 -0.000310082 0.000138261 0.007125545 0.000310045 0.999999305 0.001165055 0.001720356 -0.000138498 -0.001165108 0.999998665 0.007168535
0.999999682 -0.000303868 0.000144091 0.007127224 0.000303769 0.999998778 0.001179854 0.001750307 -0.000144824 -0.001179849 0.999998756 0.007168173
1.000000201 -0.000330802 0.000155916 0.007127784 0.000330644 0.999999197 0.001187208 0.001760291 -0.000156420 -0.001187276 0.999999081 0.007168052
0.999999948 -0.000306901 0.000135729 0.007123865 0.000306770 0.999999368 0.001145068 0.001690406 -0.000135641 -0.001145087 0.999999031 0.007168896
0.999999933 -0.000279263 0.000132867 0.007121066 0.000279145 0.999999133 0.001119191 0.001640488 -0.000134023 -0.001119196 0.999999468 0.007169500
0.999999782 -0.000286300 0.000124475 0.007119946 0.000286185 0.999998647 0.001109046 0.001620521 -0.000124121 -0.001109132 0.999999570 0.007169741
1.000000177 -0.000299158 0.000103510 0.007117147 0.000299030 0.999998740 0.001078168 0.001570603 -0.000103662 -0.001078257 0.999999507 0.007170344
1.000000096 -0.000337476 0.000088833 0.007116587 0.000337374 0.999998982 0.001070276 0.001560619 -0.000089022 -0.001070269 0.999999437 0.007170465
0.999999666 -0.000372619 0.000059371 0.007116027 0.000372605 0.999999025 0.001064021 0.001550636 -0.000060131 -0.001064050 0.999999947 0.007170585
0.999999949 -0.000325643 0.000010032 0.007112668 0.000325715 0.999998746 0.001034831 0.001490734 -0.000010131 -0.001034894 0.999999533 0.007171309
1.000000288 -0.000332758 -0.000005503 0.007112668 0.000332695 0.999999121 0.001036803 0.001490734 0.000005407 -0.001036825 0.999999467 0.007171309
0.999999792 -0.000341821 0.000038964 0.007107629 0.000341807 0.999999298 0.000981323 0.001400882 -0.000038626 -0.000981369 0.999999496 0.007172395
0.999999698 -0.000398308 0.000060273 0.007109308 0.000398343 0.999999319 0.000993151 0.001430833 -0.000060318 -0.000993146 0.999999664 0.007172033
0.999999913 -0.000433928 0.000064325 0.007109308 0.000433935 0.999999352 0.000989915 0.001430833 -0.000064850 -0.000989937 0.999999330 0.007172033
0.999999850 -0.000430192 0.000070639 0.007112668 0.000430155 0.999998721 0.001024826 0.001490734 -0.000071206 -0.001024761 0.999999944 0.007171309
1.000000208 -0.000438319 0.000120030 0.007752209 0.000438148 0.999999394 0.001006823 0.001415568 -0.000120985 -0.001006800 0.999999272 0.006405648
1.000000061 -0.000464835 0.000091135 0.007749970 0.000464757 0.999999135 0.000985513 0.001375634 -0.000091348 -0.000985510 0.999999840 0.006406131
1.000000106 -0.000475364 0.000080864 0.007747170 0.000475291 0.999999086 0.000955535 0.001325716 -0.000081489 -0.000955548 0.999999539 0.006406734
1.000000126 -0.000480101 0.000084412 0.007746050 0.000480063 0.999999499 0.000943314 0.001305749 -0.000084365 -0.000943350 0.999999314 0.006406975
0.999999907 -0.000488077 0.000074765 0.007745491 0.000488091 0.999999035 0.000935944 0.001295765 -0.000075884 -0.000935901 0.999999506 0.006407096
1.000000059 -0.000541262 0.000035173 0.007749410 0.000541253 0.999998506 0.000977725 0.001365650 -0.000035815 -0.000977779 0.999999146 0.006406251
0.999999980 -0.000525842 0.000002492 0.007746610 0.000525836 0.999998942 0.000952917 0.001315732 -0.000002335 -0.000953017 0.999999362 0.006406854
1.000000284 -0.000544956 0.000002748 0.007749970 0.000544940 0.999998654 0.000982648 0.001375634 -0.000003208 -0.000982708 0.999999127 0.006406131
1.000000222 -0.000564158 0.000007903 0.007747730 0.000564113 0.999999000 0.000960228 0.001335699 -0.000008308 -0.000960291 0.999999543 0.006406613
0.999999798 -0.000557046 -0.000000003 0.007749970 0.000557020 0.999999316 0.000983907 0.001375634 -0.000000412 -0.000983990 0.999999361 0.006406131
1.000000358 -0.000570537 0.000018386 0.007751089 0.000570487 0.999998949 0.000993999 0.001395601 -0.000019014 -0.000994086 0.999999798 0.006405889
0.999999740 -0.000592505 0.000039796 0.007756128 0.000592499 0.999998546 0.001046477 0.001485453 -0.000040412 -0.001046523 0.999998957 0.006404804
0.999999534 -0.000594118 0.000027042 0.007756128 0.000594168 0.999998649 0.001045503 0.001485453 -0.000027629 -0.001045530 1.000000088 0.006404804
0.999999896 -0.000628072 0.000027948 0.007754449 0.000627983 0.999998797 0.001025011 0.001455502 -0.000029322 -0.001025007 0.999999445 0.006405166
0.999999627 -0.000637740 0.000014068 0.007752209 0.000637793 0.999998565 0.001006156 0.001415568 -0.000014461 -0.001006194 0.999999382 0.006405648
0.999999589 -0.000593331 0.000058773 0.007752209 0.000593287 0.999999092 0.001005247 0.001415568 -0.000058861 -0.001005211 0.999999000 0.006405648
0.999999618 -0.000587644 0.000086254 0.007755568 0.000587533 0.999998376 0.001037964 0.001475469 -0.000087217 -0.001038006 0.999999185 0.006404924
0.999999617 -0.000576564 0.000079146 0.007754449 0.000576502 0.999998908 0.001025542 0.001455502 -0.000080040 -0.001025498 0.999999190 0.006405166
0.999999964 -0.000565987 0.000052134 0.007115467 0.000565991 0.999999029 0.001049303 0.001540652 -0.000053020 -0.001049289 0.999999980 0.007170706
0.999999864 -0.000525947 0.000043660 0.007115467 0.000525837 0.999998761 0.001051372 0.001540652 -0.000044206 -0.001051394 0.999999292 0.007170706
1.000000391 -0.000498686 0.000084203 0.007118826 0.000498468 0.999998789 0.001088368 0.001600553 -0.000085229 -0.001088366 0.999999715 0.007169982
1.000000006 -0.000510183 0.000080419 0.007116027 0.000510159 0.999998778 0.001059731 0.001550636 -0.000081020 -0.001059739 0.999999544 0.007170585
0.999999691 -0.000513919 0.000078780 0.007114907 0.000513809 0.999999175 0.001044192 0.001530668 -0.000078888 -0.001044222 0.999999089 0.007170827
1.000000200 -0.000514543 0.000065351 0.007114907 0.000514544 0.999999202 0.001044850 0.001530668 -0.000065451 -0.001044877 0.999999557 0.007170827
1.000000102 -0.000559138 0.000095190 0.007119946 0.000559059 0.999999101 0.001094460 0.001620521 -0.000095575 -0.001094472 0.999999414 0.007169741
1.000000000 -0.000508277 0.000110959 0.007119946 0.000508180 0.999999226 0.001096680 0.001620521 -0.000112239 -0.001096681 0.999999429 0.007169741
0.999999646 -0.000546074 0.000139947 0.007123305 0.000545916 0.999998928 0.001131114 0.001680422 -0.000140872 -0.001131043 0.999999469 0.007169017
0.999999403 -0.000541280 0.000148021 0.007127224 0.000541129 0.999999163 0.001172235 0.001750307 -0.000148625 -0.001172213 0.999999884 0.007168173
0.999999805 -0.000543076 0.000160490 0.007124985 0.000542954 0.999998617 0.001142978 0.001710373 -0.000161451 -0.001142876 0.999998994 0.007168655
0.999999705 -0.000512186 0.000189453 0.007764526 0.000511952 0.999999084 0.001126635 0.001635207 -0.000191035 -0.001126576 0.999999399 0.006402994
0.999999488 -0.000514457 0.000203062 0.007129464 0.000514222 0.999998434 0.001190975 0.001790241 -0.000203100 -0.001190969 0.999999161 0.007167690
1.000000155 -0.000516674 0.000212673 0.007128904 0.000516368 0.999998643 0.001184033 0.001780258 -0.000213112 -0.001183960 0.999999783 0.007167811
0.999999715 -0.000511052 0.000173015 0.007132263 0.000510855 0.999998838 0.001224616 0.001840159 -0.000173991 -0.001224564 0.999999437 0.007167087
0.999999981 -0.000548635 0.000121773 0.007136182 0.000548424 0.999998489 0.001262138 0.001910044 -0.000122463 -0.001262139 0.999998714 0.007166243
0.999999871 -0.000529034 0.000110768 0.007137862 0.000528837 0.999998165 0.001280886 0.001939995 -0.000110955 -0.001280829 0.999998840 0.007165881
0.999999791 -0.000543813 0.000145565 0.007140102 0.000543645 0.999998707 0.001304581 0.001979930 -0.000145838 -0.001304590 0.999999155 0.007165398
0.999999447 -0.000476716 0.000129941 0.007140102 0.000476640 0.999998946 0.001304956 0.001979930 -0.000130421 -0.001304965 0.999999108 0.007165398
0.999999863 -0.000484637 0.000122076 0.007139542 0.000484523 0.999998399 0.001304195 0.001969946 -0.000122706 -0.001304121 0.999999097 0.007165519
0.999999477 -0.000467984 0.000131507 0.007135063 0.000467899 0.999999032 0.001257392 0.001890077 -0.000132491 -0.001257322 0.999999310 0.007166484
0.999999742 -0.000530146 0.000128722 0.007129464 0.000530023 0.999998248 0.001196248 0.001790241 -0.000129409 -0.001196258 0.999999283 0.007167690
0.999999929 -0.000524178 0.000130194 0.007132263 0.000524078 0.999998598 0.001222504 0.001840159 -0.000131513 -0.001222484 0.999998965 0.007167087
1.000000031 -0.000484106 0.000103384 0.007128344 0.000484035 0.999998770 0.001188055 0.001770274 -0.000104261 -0.001188037 0.999999443 0.007167931
0.999999918 -0.000514826 0.000091886 0.007131703 0.000514726 0.999999067 0.001223157 0.001830176 -0.000093112 -0.001223169 0.999999496 0.007167208
1.000000178 -0.000518529 0.000108158 0.007129464 0.000518429 0.999998580 0.001197697 0.001790241 -0.000108779 -0.001197781 0.999998954 0.007167690
0.999999986 -0.000509778 0.000121257 0.007125545 0.000509672 0.999998638 0.001152297 0.001720356 -0.000121477 -0.001152340 0.999999544 0.007168535
0.999999428 -0.000507828 0.000102080 0.007126105 0.000507732 0.999998378 0.001164793 0.001730340 -0.000102247 -0.001164791 0.999999724 0.007168414
0.999999715 -0.000527939 0.000079584 0.007123305 0.000527921 0.999998903 0.001131799 0.001680422 -0.000079701 -0.001131789 0.999999812 0.007169017
1.000000180 -0.000468873 0.000059837 0.007124425 0.000468733 0.999998402 0.001147825 0.001700389 -0.000060153 -0.001147849 0.999999308 0.007168776
0.999999773 -0.000511383 0.000067495 0.007124425 0.000511329 0.999998819 0.001144892 0.001700389 -0.000068230 -0.001144817 0.999999364 0.007168776
1.000000056 -0.000562702 0.000098224 0.007124985 0.000562633 0.999998646 0.001148571 0.001710373 -0.000098436 -0.001148601 0.999998760 0.007168655
0.999999517 -0.000591472 0.000106495 0.007762287 0.000591405 0.999998768 0.001106241 0.001595272 -0.000107112 -0.001106244 0.999999044 0.006403477
1.000000083 -0.000614037 0.000090536 0.007759487 0.000613905 0.999998402 0.001075487 0.001545355 -0.000090996 -0.001075505 0.999999250 0.006404080
0.999999798 -0.000541414 0.000070927 0.007756128 0.000541340 0.999998720 0.001043630 0.001485453 -0.000071286 -0.001043713 0.999999075 0.006404804
0.999999447 -0.000494523 0.000060871 0.007113228 0.000494507 0.999999272 0.001028973 0.001500718 -0.000060983 -0.001029036 0.999999356 0.007171188
1.000000596 -0.000489103 0.000035312 0.007116587 0.000489032 0.999998507 0.001067165 0.001560619 -0.000036199 -0.001067273 0.999999205 0.007170465
1.000000503 -0.000498880 0.000034927 0.007119386 0.000498862 0.999998696 0.001096941 0.001610537 -0.000035552 -0.001097008 0.999999736 0.007169862
