1.000000000 -0.000000000 -0.000000000 0.000000000 -0.000000000 1.000000000 0.000000000 0.000000000 0.000000000 -0.000000000 1.000000000 -0.000000000
1.000000142 0.000011129 -0.000011520 -0.000000241 -0.000011078 0.999999975 -0.000010566 -0.000019997 0.000012153 0.000010625 0.999999624 0.000000206
1.000000129 -0.000037683 -0.000020940 0.000000482 0.000037726 1.000000182 0.000026456 0.000039995 0.000021633 -0.000026471 1.000000051 -0.000000412
0.999999963 -0.000048910 -0.000026284 -0.000000121 0.000048980 1.000000619 -0.000002783 -0.000009999 0.000026508 0.000002818 1.000000052 0.000000103
1.000000241 -0.000022098 -0.000015888 -0.000000482 0.000022073 1.000000495 -0.000022110 -0.000039995 0.000016803 0.000022162 1.000000089 0.000000412
0.999999786 -0.000022579 -0.000010241 -0.000000482 0.000022620 1.000000494 -0.000021383 -0.000039995 0.000011159 0.000021492 0.999999620 0.000000412
1.000000234 -0.000048633 -0.000037780 -0.000000241 0.000048601 0.999999705 -0.000011349 -0.000019997 0.000038551 0.000011467 0.999999655 0.000000206
1.000000146 -0.000056650 -0.000044318 -0.000000482 0.000056668 0.999999919 -0.000022773 -0.000039995 0.000044868 0.000022892 0.999999587 0.000000412
0.999999848 -0.000047301 -0.000051089 -0.000001206 0.000047337 1.000000122 -0.000053393 -0.000099987 0.000051365 0.000053513 0.999999718 0.000001031
0.999999753 -0.000081536 -0.000035209 -0.000000724 0.000081486 1.000000314 -0.000031983 -0.000059992 0.000036155 0.000032066 0.999999636 0.000000618
0.999999752 -0.000096689 -0.000041899 -0.000001206 0.000096752 0.999999743 -0.000055905 -0.000099987 0.000042399 0.000055946 0.999999698 0.000001031
0.999999768 -0.000153376 -0.000015864 -0.000001568 0.000153390 1.000000611 -0.000073819 -0.000129984 0.000016327 0.000073802 0.999999860 0.000001340
0.999999416 -0.000085545 0.000021021 -0.000002653 0.000085505 1.000000343 -0.000127075 -0.000219972 -0.000020615 0.000127170 0.999999462 0.000002268
0.999999982 -0.000094153 0.000016230 -0.000002533 0.000094157 1.000000374 -0.000120006 -0.000209974 -0.000015066 0.000120128 1.000000498 0.000002165
0.999999830 -0.000102823 0.000001233 -0.000001447 0.000102805 0.999999946 -0.000068325 -0.000119985 -0.000000944 0.000068445 0.999999826 0.000001237
1.000000516 -0.000090590 0.000008817 -0.000000724 0.000090623 1.000000437 -0.000033407 -0.000059992 -0.000007982 0.000033431 1.000000298 0.000000618
0.999999890 -0.000090239 0.000024978 -0.000000965 0.000090263 1.000000525 -0.000042309 -0.000079990 -0.000024246 0.000042384 0.999999766 0.000000825
0.999999501 -0.000090396 0.000038430 -0.000000844 0.000090429 1.000000524 -0.000042075 -0.000069991 -0.000037696 0.000042120 0.999999371 0.000000722
1.000000461 -0.000099285 0.000019418 -0.000000724 0.000099314 1.000000567 -0.000035837 -0.000059992 -0.000018701 0.000035888 1.000000162 0.000000618
1.000000509 -0.000111218 -0.000005286 -0.000000482 0.000111270 1.000000593 -0.000024440 -0.000039995 0.000006016 0.000024449 0.999999952 0.000000412
1.000000197 -0.000114621 -0.000044433 -0.000000724 0.000114576 0.999999716 -0.000032271 -0.000059992 0.000045034 0.000032335 0.999999685 0.000000618
1.000000591 -0.000128177 -0.000047494 -0.000001085 0.000128101 1.000000086 -0.000052333 -0.000089989 0.000047714 0.000052436 1.000000123 0.000000928
0.999999557 -0.000101781 -0.000055259 -0.000001085 0.000101801 0.999999728 -0.000048540 -0.000089989 0.000056558 0.000048609 1.000000015 0.000000928
0.999999282 -0.000098149 -0.000052998 -0.000000844 0.000098175 1.000000608 -0.000041161 -0.000069991 0.000053776 0.000041179 1.000000470 0.000000722
0.999999552 -0.000099285 -0.000039482 -0.000000724 0.000099326 1.000000565 -0.000035628 -0.000059992 0.000039553 0.000035625 1.000000020 0.000000618
0.999999703 -0.000083124 -0.000042920 -0.000000482 0.000083167 1.000000248 -0.000023691 -0.000039995 0.000043948 0.000023768 0.999999481 0.000000412
1.000000030 -0.000093236 -0.000062955 -0.000000844 0.000093268 1.000000527 -0.000039047 -0.000069991 0.000063693 0.000039054 0.999999847 0.000000722
1.000000134 -0.000103881 -0.000080087 -0.000001085 0.000103942 0.999999742 -0.000047441 -0.000089989 0.000080614 0.000047482 0.999999911 0.000000928
1.000000123 -0.000128397 -0.000128489 -0.000001327 0.000128441 1.000000148 -0.000058161 -0.000109986 0.000128633 0.000058151 0.999999721 0.000001134
1.000000257 -0.000057231 -0.000132250 -0.000001568 0.000057273 1.000000443 -0.000073020 -0.000129984 0.000132833 0.000073019 0.999999458 0.000001340
0.999999446 -0.000060686 -0.000113114 -0.000000603 0.000060686 0.999999989 -0.000024936 -0.000049994 0.000113711 0.000024975 1.000000279 0.000000515
0.999999878 -0.000119346 -0.000100509 -0.000000724 0.000119358 0.999999766 -0.000031699 -0.000059992 0.000101067 0.000031736 0.999999309 0.000000618
1.000000028 -0.000086082 -0.000125352 0.000000362 0.000086104 0.999999814 0.000021809 0.000029996 0.000125488 -0.000021756 0.999999428 -0.000000309
0.999999518 -0.000142037 -0.000170443 -0.000000362 0.000141988 0.999999831 -0.000011347 -0.000029996 0.000171127 0.000011430 0.999999885 0.000000309
0.999999775 -0.000124976 -0.000175680 -0.000000724 0.000125042 0.999999834 -0.000031687 -0.000059992 0.000176940 0.000031678 0.999999794 0.000000618
1.000000022 -0.000139683 -0.000167982 -0.000000965 0.000139659 1.000000108 -0.000041080 -0.000079990 0.000168979 0.000041097 0.999999960 0.000000825
1.000000203 -0.000043603 -0.000176920 -0.000000482 0.000043634 0.999999708 -0.000017671 -0.000039995 0.000177663 0.000017703 0.999999765 0.000000412
1.000000024 -0.000078748 -0.000185991 -0.000000241 0.000078740 1.000000005 -0.000005261 -0.000019997 0.000187284 0.000005319 0.999999683 0.000000206
0.999999906 -0.000086557 -0.000210824 -0.000001327 0.000086483 0.999999646 -0.000058271 -0.000109986 0.000210635 0.000058381 0.999999374 0.000001134
0.999999498 -0.000106247 -0.000211007 -0.000000482 0.000106296 1.000000485 -0.000019760 -0.000039995 0.000211193 0.000019750 0.999999740 0.000000412
0.999999479 -0.000087256 -0.000187256 -0.000001085 0.000087255 1.000000537 -0.000046953 -0.000089989 0.000187959 0.000047014 0.999999466 0.000000928
0.999999624 -0.000098803 -0.000144193 -0.000001447 0.000098807 0.999999862 -0.000065073 -0.000119985 0.000144559 0.000065037 0.999999653 0.000001237
0.999999395 -0.000109626 -0.000070534 -0.000000482 0.000109650 1.000000527 -0.000019856 -0.000039995 0.000070688 0.000019899 0.999999580 0.000000412
1.000000153 -0.000087600 -0.000013581 -0.000001327 0.000087554 0.999999723 -0.000064641 -0.000109986 0.000014071 0.000064709 1.000000297 0.000001134
0.999999910 -0.000123081 -0.000030499 -0.000001206 0.000123141 1.000000055 -0.000055237 -0.000099987 0.000031497 0.000055318 1.000000176 0.000001031
0.999999958 -0.000098514 -0.000035443 -0.000001085 0.000098484 0.999999719 -0.000051381 -0.000089989 0.000035980 0.000051513 0.999999836 0.000000928
1.000000043 -0.000070875 -0.000031708 -0.000000844 0.000070945 1.000000253 -0.000038621 -0.000069991 0.000032682 0.000038621 1.000000121 0.000000722
0.999999976 -0.000126582 -0.000014124 -0.000000965 0.000126565 1.000000005 -0.000046441 -0.000079990 0.000014432 0.000046446 0.999999462 0.000000825
1.000000127 -0.000104054 0.000033031 -0.000001568 0.000104080 1.000000037 -0.000075814 -0.000129984 -0.000032199 0.000075924 0.999999418 0.000001340
0.999999979 -0.000150754 0.000068071 -0.000001206 0.000150825 1.000000415 -0.000057929 -0.000099987 -0.000067388 0.000057930 0.999999928 0.000001031
0.999999579 0.000106506 0.000067179 -0.000000362 -0.000106493 0.999999871 -0.000015016 -0.000029996 -0.000066376 0.000015090 0.999999601 0.000000309
0.999999957 0.000135143 0.000118413 -0.000000121 -0.000135132 1.000000404 -0.000003233 -0.000009999 -0.000117934 0.000003309 0.999999549 0.000000103
0.999999527 0.000075206 0.000133144 0.000000844 -0.000075171 0.999999683 0.000039893 0.000069991 -0.000132648 -0.000039798 0.999999359 -0.000000722
0.999999939 -0.000106632 0.000122532 0.000000844 0.000106661 0.999999860 0.000041322 0.000069991 -0.000121605 -0.000041294 0.999999506 -0.000000722
0.999999593 -0.000033438 0.000166744 0.000001206 0.000033395 0.999999834 0.000055296 0.000099987 -0.000166303 -0.000055260 1.000000009 -0.000001031
0.999999808 -0.000003474 0.000160414 0.000001206 0.000003464 1.000000413 0.000061171 0.000099987 -0.000158946 -0.000061063 0.999999763 -0.000001031
0.999999914 0.000092544 0.000099453 0.000000121 -0.000092533 0.999999809 0.000007305 0.000009999 -0.000099171 -0.000007249 1.000000295 -0.000000103
1.000000116 0.000362737 0.000054512 -0.000001447 -0.000362705 1.000000317 -0.000067062 -0.000119985 -0.000054099 0.000067109 1.000000414 0.000001237
0.999999963 0.000417755 0.000082787 -0.000001568 -0.000417797 0.999999681 -0.000069712 -0.000129984 -0.000081954 0.000069736 0.999999541 0.000001340
0.999999986 0.000276633 0.000138870 -0.000000362 -0.000276663 0.999999830 -0.000016076 -0.000029996 -0.000138612 0.000016090 1.000000121 0.000000309
0.999999907 0.000061170 0.000156239 -0.000000844 -0.000061117 0.999999692 -0.000041693 -0.000069991 -0.000156224 0.000041682 0.999999645 0.000000722
0.999999990 0.000054246 0.000156291 -0.000001930 -0.000054218 1.000000284 -0.000091003 -0.000159980 -0.000156295 0.000091016 0.999999391 0.000001649
1.000000182 0.000049574 0.000128999 0.000643197 -0.000049535 1.000000231 -0.000177375 -0.000325623 -0.000128684 0.000177427 1.000000304 -0.000759188
0.999999835 0.000232513 0.000035172 -0.000001688 -0.000232485 1.000000005 -0.000078434 -0.000139982 -0.000034714 0.000078466 0.999999977 0.000001443
0.999999841 0.000276188 0.000036860 -0.000001206 -0.000276108 1.000000239 -0.000055355 -0.000099987 -0.000036437 0.000055316 0.999999624 0.000001031
0.999999285 0.000288599 0.000120423 -0.000000362 -0.000288557 0.999999691 -0.000016652 -0.000029996 -0.000119287 0.000016671 1.000000219 0.000000309
0.999999915 0.000204605 0.000020765 -0.000003136 -0.000204639 1.000000061 -0.000148272 -0.000259967 -0.000020790 0.000148305 0.999999680 0.000002680
0.999999388 0.000188415 -0.000030424 -0.000004462 -0.000188398 0.999999892 -0.000209965 -0.000369953 0.000030896 0.000209991 0.999999484 0.000003814
1.000000066 0.000221299 0.000060234 -0.000003497 -0.000221244 1.000000057 -0.000167453 -0.000289964 -0.000059671 0.000167456 0.999999462 0.000002989
0.999999843 0.000205183 0.000057287 -0.000003739 -0.000205204 1.000000361 -0.000178015 -0.000309961 -0.000056254 0.000178040 0.999999802 0.000003195
0.999999624 0.000195842 -0.000008702 -0.000004945 -0.000195828 1.000000059 -0.000234824 -0.000409948 0.000008951 0.000234916 1.000000064 0.000004226
0.999999862 0.000264304 -0.000004880 -0.000005668 -0.000264277 0.999999581 -0.000268574 -0.000469941 0.000005312 0.000268623 1.000000065 0.000004844
0.999999589 0.000244988 0.000010045 -0.000004462 -0.000244926 1.000000204 -0.000209451 -0.000369953 -0.000009745 0.000209460 0.999999710 0.000003814
0.999999722 0.000160659 -0.000030650 -0.000003739 -0.000160701 0.999999868 -0.000175054 -0.000309961 0.000030610 0.000175159 0.999999886 0.000003195
0.999999692 0.000163636 0.000012449 -0.000003980 -0.000163647 0.999999988 -0.000190174 -0.000329959 -0.000012640 0.000190275 1.000000043 0.000003401
0.999999755 0.000071261 0.000096574 0.000642473 -0.000071194 1.000000328 -0.000212194 -0.000385616 -0.000095809 0.000212224 0.999999739 -0.000758570
0.999999891 0.000078553 0.000050748 -0.000005065 -0.000078520 1.000000559 -0.000243148 -0.000419947 -0.000049634 0.000243197 0.999999526 0.000004329
0.999999680 0.000072218 -0.000024052 -0.000005548 -0.000072249 0.999999871 -0.000266049 -0.000459942 0.000024823 0.000266037 0.999999484 0.000004741
1.000000015 0.000086980 0.000004364 -0.000005548 -0.000086947 0.999999699 -0.000266586 -0.000459942 -0.000003448 0.000266631 0.999999998 0.000004741
1.000000070 0.000110604 -0.000042568 -0.000005668 -0.000110558 1.000000474 -0.000272325 -0.000469941 0.000044305 0.000272364 0.999999641 0.000004844
1.000000062 0.000114429 -0.000096378 -0.000005548 -0.000114517 1.000000342 -0.000263974 -0.000459942 0.000096846 0.000264070 0.999999717 0.000004741
0.999999934 0.000160058 -0.000049462 -0.000005427 -0.000160099 0.999999746 -0.000259535 -0.000449943 0.000050454 0.000259648 1.000000087 0.000004638
0.999999874 0.000117235 -0.000042291 -0.000005186 -0.000117270 1.000000157 -0.000249328 -0.000429946 0.000042964 0.000249403 0.999999404 0.000004432
0.999999916 0.000048515 -0.000056926 -0.000004824 -0.000048501 0.999999796 -0.000230845 -0.000399950 0.000058639 0.000230972 0.999999722 0.000004123
0.999999780 0.000052321 -0.000039667 -0.000005548 -0.000052289 1.000000106 -0.000265562 -0.000459942 0.000040238 0.000265544 0.999999341 0.000004741
0.999999776 0.000035655 -0.000020086 0.000640905 -0.000035593 1.000000537 -0.000287801 -0.000515599 0.000020216 0.000287858 0.999999362 -0.000757230
0.999999553 0.000024872 -0.000058779 -0.000005668 -0.000024888 1.000000459 -0.000267623 -0.000469941 0.000059158 0.000267691 1.000000217 0.000004844
0.999999734 -0.000015518 -0.000105672 -0.000005668 0.000015508 0.999999972 -0.000270061 -0.000469941 0.000107013 0.000270154 0.999999825 0.000004844
1.000000121 0.000000197 -0.000113336 -0.000005427 -0.000000224 0.999999657 -0.000257969 -0.000449943 0.000114223 0.000258049 0.999999631 0.000004638
1.000000358 -0.000048604 -0.000151932 -0.000004824 0.000048576 0.999999954 -0.000229692 -0.000399950 0.000152772 0.000229749 1.000000403 0.000004123
0.999999871 0.000016781 -0.000148204 -0.000003256 -0.000016770 1.000000390 -0.000154338 -0.000269966 0.000148454 0.000154450 0.999999395 0.000002783
0.999999758 0.000122721 -0.000076436 -0.000002050 -0.000122718 1.000000504 -0.000095390 -0.000169979 0.000077081 0.000095470 1.000000058 0.000001752
1.000000285 0.000336562 -0.000004034 -0.000004221 -0.000336499 0.999999987 -0.000198483 -0.000349956 0.000004532 0.000198501 0.999999342 0.000003608
0.999999776 -0.000109258 -0.000127489 -0.000003136 0.000109230 0.999999821 -0.000145783 -0.000259967 0.000127421 0.000145884 0.999999746 0.000002680
0.999999476 -0.000137636 -0.000084146 -0.000001809 0.000137596 1.000000557 -0.000086997 -0.000149981 0.000084611 0.000087029 0.999999903 0.000001546
0.999999743 -0.000104648 0.000046610 0.000644282 0.000104646 1.000000586 -0.000128276 -0.000235635 -0.000045653 0.000128400 1.000000214 -0.000760116
0.999999249 -0.000060990 -0.000050278 -0.000004462 0.000060938 0.999999905 -0.000210323 -0.000369953 0.000050578 0.000210452 0.999999695 0.000003814
1.000000325 -0.000024195 -0.000095285 -0.000003859 0.000024184 1.000000177 -0.000182871 -0.000319960 0.000095532 0.000182906 1.000000290 0.000003298
1.000000340 0.000146093 -0.000009587 -0.000001809 -0.000146021 1.000000105 -0.000084093 -0.000149981 0.000009847 0.000084093 1.000000150 0.000001546
0.999999897 0.000163692 -0.000006785 0.000000362 -0.000163645 0.999999801 0.000021788 0.000029996 0.000007210 -0.000021772 1.000000353 -0.000000309
1.000000027 0.000045169 -0.000050156 -0.000002050 -0.000045082 1.000000413 -0.000092907 -0.000169979 0.000050793 0.000092887 1.000000010 0.000001752
0.999999948 0.000078303 -0.000071602 -0.000003497 -0.000078263 0.999999726 -0.000162054 -0.000289964 0.000072394 0.000162072 1.000000284 0.000002989
0.999999731 0.000029342 -0.000061526 -0.000000844 -0.000029261 1.000000033 -0.000037466 -0.000069991 0.000062022 0.000037491 0.999999716 0.000000722
0.999999601 0.000064655 -0.000099536 -0.000000362 -0.000064566 1.000000367 -0.000014204 -0.000029996 0.000100675 0.000014195 0.999999776 0.000000309
0.999999661 0.000099956 -0.000089355 -0.000002291 -0.000099984 0.999999878 -0.000105038 -0.000189976 0.000089648 0.000105153 0.999999788 0.000001958
1.000000043 0.000066673 -0.000062724 -0.000002653 -0.000066659 1.000000508 -0.000127167 -0.000219972 0.000063054 0.000127266 0.999999231 0.000002268
0.999999600 -0.000009760 -0.000071013 -0.000002412 0.000009744 1.000000286 -0.000113260 -0.000199975 0.000071602 0.000113304 0.999999781 0.000002061
0.999999678 -0.000075734 -0.000078590 -0.000002050 0.000075733 0.999999881 -0.000093869 -0.000169979 0.000079495 0.000093925 0.999999511 0.000001752
0.999999941 -0.000053402 -0.000076684 -0.000003618 0.000053407 1.000000393 -0.000169596 -0.000299962 0.000077553 0.000169660 1.000000061 0.000003092
0.999999564 -0.000062973 -0.000131027 -0.000003015 0.000062975 1.000000224 -0.000142145 -0.000249969 0.000132127 0.000142130 0.999999292 0.000002577
1.000000010 -0.000056395 -0.000173366 -0.000002774 0.000056393 0.999999992 -0.000127227 -0.000229971 0.000173303 0.000127253 0.999999785 0.000002371
0.999999784 -0.000061651 -0.000091770 -0.000001568 0.000061655 1.000000482 -0.000071606 -0.000129984 0.000091679 0.000071628 0.999999675 0.000001340
1.000000144 -0.000037833 -0.000090432 -0.000001688 0.000037843 1.000000256 -0.000077523 -0.000139982 0.000091162 0.000077547 0.999999620 0.000001443
0.999999859 -0.000035964 -0.000148328 -0.000002412 0.000035939 1.000000578 -0.000110928 -0.000199975 0.000148673 0.000111000 0.999999710 0.000002061
1.000000285 0.000021156 -0.000110265 -0.000002774 -0.000021163 1.000000083 -0.000129791 -0.000229971 0.000110857 0.000129837 0.999999604 0.000002371
0.999999836 0.000006906 -0.000093521 -0.000002171 -0.000006825 0.999999947 -0.000099884 -0.000179977 0.000094442 0.000099908 1.000000082 0.000001855
1.000000435 0.000034141 -0.000062085 -0.000002894 -0.000034163 1.000000006 -0.000137469 -0.000239970 0.000062719 0.000137578 0.999999984 0.000002474
0.999999494 0.000035670 -0.000050534 -0.000003739 -0.000035668 1.000000404 -0.000177912 -0.000309961 0.000051459 0.000177955 1.000000124 0.000003195
0.999999669 0.000011668 -0.000048777 -0.000003136 -0.000011584 1.000000397 -0.000149134 -0.000259967 0.000049801 0.000149193 0.999999712 0.000002680
1.000000096 0.000025630 -0.000081912 -0.000002894 -0.000025646 1.000000089 -0.000135527 -0.000239970 0.000083244 0.000135600 1.000000172 0.000002474
0.999999994 0.000029131 -0.000004033 -0.000004221 -0.000029157 0.999999694 -0.000198383 -0.000349956 0.000004529 0.000198392 0.999999341 0.000003608
0.999999690 0.000027783 0.000018156 -0.000003859 -0.000027772 1.000000568 -0.000184547 -0.000319960 -0.000016744 0.000184638 0.999999522 0.000003298
0.999999556 -0.000045990 -0.000038378 -0.000003497 0.000046017 1.000000290 -0.000168261 -0.000289964 0.000039340 0.000168344 0.999999747 0.000002989
0.999999955 -0.000016408 -0.000082835 -0.000003136 0.000016364 0.999999732 -0.000148823 -0.000259967 0.000083573 0.000148861 0.999999662 0.000002680
1.000000055 0.000011471 -0.000105251 -0.000002774 -0.000011504 1.000000180 -0.000127848 -0.000229971 0.000106529 0.000127912 0.999999885 0.000002371
0.999999866 -0.000057619 -0.000161913 -0.000002653 0.000057685 0.999999955 -0.000122260 -0.000219972 0.000162660 0.000122281 1.000000219 0.000002268
1.000000585 -0.000141808 -0.000122626 -0.000003256 0.000141784 1.000000323 -0.000156439 -0.000269966 0.000123504 0.000156423 1.000000156 0.000002783
0.999999787 -0.000084718 -0.000079095 -0.000002894 0.000084732 1.000000422 -0.000135764 -0.000239970 0.000079402 0.000135871 0.999999943 0.000002474
0.999999982 -0.000106774 -0.000087242 -0.000003497 0.000106710 0.999999975 -0.000163667 -0.000289964 0.000086986 0.000163729 1.000000161 0.000002989
1.000000292 -0.000057588 -0.000071544 -0.000004462 0.000057551 0.999999868 -0.000210863 -0.000369953 0.000072519 0.000210847 1.000000024 0.000003814
0.999999983 -0.000045230 -0.000060808 -0.000004221 0.000045245 0.999999629 -0.000202094 -0.000349956 0.000062016 0.000202188 0.999999772 0.000003608
1.000000336 -0.000064474 -0.000018961 -0.000003136 0.000064510 1.000000329 -0.000150489 -0.000259967 0.000019947 0.000150560 1.000000119 0.000002680
1.000000275 -0.000065291 -0.000027455 -0.000003015 0.000065291 1.000000271 -0.000143894 -0.000249969 0.000027749 0.000143965 0.999999334 0.000002577
1.000000477 -0.000028393 -0.000026354 -0.000003618 0.000028380 1.000000090 -0.000169509 -0.000299962 0.000027367 0.000169508 0.999999483 0.000003092
1.000000324 -0.000004428 -0.000054232 -0.000003980 0.000004466 0.999999987 -0.000187572 -0.000329959 0.000055273 0.000187616 0.999999807 0.000003401
0.999999430 0.000054282 -0.000061552 -0.000003136 -0.000054258 0.999999860 -0.000146883 -0.000259967 0.000062280 0.000146933 0.999999319 0.000002680
0.999999964 0.000044542 -0.000057657 -0.000002533 -0.000044501 0.999999710 -0.000120925 -0.000209974 0.000058597 0.000120963 0.999999467 0.000002165
0.999999935 0.000020365 -0.000036529 -0.000002774 -0.000020319 1.000000113 -0.000131784 -0.000229971 0.000037089 0.000131788 0.999999255 0.000002371
1.000000043 -0.000017369 -0.000031619 -0.000002894 0.000017336 0.999999638 -0.000138540 -0.000239970 0.000032472 0.000138603 0.999999626 0.000002474
1.000000502 -0.000017137 -0.000037418 -0.000003256 0.000017089 0.999999772 -0.000151866 -0.000269966 0.000038113 0.000151915 1.000000225 0.000002783
1.000000279 0.000068273 -0.000047702 -0.000002653 -0.000068308 1.000000447 -0.000123239 -0.000219972 0.000048860 0.000123247 1.000000092 0.000002268
1.000000028 0.000100786 -0.000031795 -0.000003256 -0.000100767 1.000000364 -0.000153138 -0.000269966 0.000033574 0.000153199 0.999999776 0.000002783
1.000000280 0.000055406 0.000006260 -0.000003618 -0.000055364 1.000000112 -0.000172601 -0.000299962 -0.000005183 0.000172672 0.999999677 0.000003092
0.999999791 0.000032836 0.000007429 -0.000002894 -0.000032764 1.000000036 -0.000138907 -0.000239970 -0.000006063 0.000138962 0.999999976 0.000002474
0.999999871 0.000030332 0.000040256 -0.000002653 -0.000030316 0.999999918 -0.000124401 -0.000219972 -0.000040149 0.000124510 0.999999989 0.000002268
1.000000399 0.000029022 0.000069151 -0.000001809 -0.000029015 1.000000530 -0.000085244 -0.000149981 -0.000068585 0.000085347 1.000000094 0.000001546
0.999999820 0.000084458 0.000050978 -0.000002412 -0.000084419 1.000000185 -0.000116732 -0.000199975 -0.000049574 0.000116786 0.999999748 0.000002061
0.999999885 0.000055733 0.000019224 -0.000002291 -0.000055698 1.000000416 -0.000105544 -0.000189976 -0.000018628 0.000105523 1.000000118 0.000001958
0.999999635 0.000030261 -0.000000178 -0.000001447 -0.000030296 1.000000340 -0.000068407 -0.000119985 0.000000312 0.000068432 0.999999943 0.000001237
0.999999489 0.000005838 -0.000019700 -0.000000965 -0.000005781 1.000000355 -0.000041269 -0.000079990 0.000020672 0.000041280 0.999999871 0.000000825
1.000000483 0.000018973 -0.000034348 -0.000000603 -0.000018948 1.000000017 -0.000023787 -0.000049994 0.000034903 0.000023838 1.000000199 0.000000515
0.999999340 -0.000010589 -0.000015736 -0.000000241 0.000010577 1.000000227 -0.000009512 -0.000019997 0.000016274 0.000009635 0.999999959 0.000000206
1.000000161 0.000013760 0.000022063 0.000000000 -0.000013729 0.999999799 0.000003437 0.000000000 -0.000021880 -0.000003403 1.000000288 -0.000000000
1.000000550 0.000012343 0.000035413 -0.000000121 -0.000012266 0.999999901 -0.000004828 -0.000009999 -0.000034697 0.000004836 0.999999981 0.000000103
0.999999677 0.000044233 0.000024105 0.000001085 -0.000044238 0.999999892 0.000055813 0.000089989 -0.000022975 -0.000055723 0.999999633 -0.000000928
1.000000326 0.000009645 0.000021259 0.000001085 -0.000009617 1.000000331 0.000053649 0.000089989 -0.000020513 -0.000053602 0.999999886 -0.000000928
1.000000197 -0.000010517 0.000009353 0.000001327 0.000010517 1.000000460 0.000064696 0.000109986 -0.000007919 -0.000064680 1.000000049 -0.000001134
1.000000258 -0.000000163 0.000014819 0.000002171 0.000000150 0.999999930 0.000104034 0.000179977 -0.000014213 -0.000104021 0.999999944 -0.000001855
0.999999573 -0.000045357 -0.000021639 0.000001688 0.000045341 0.999999668 0.000085367 0.000139982 0.000022317 -0.000085309 0.999999559 -0.000001443
1.000000456 -0.000051485 -0.000031472 0.000001809 0.000051532 0.999999712 0.000088194 0.000149981 0.000032120 -0.000088149 1.000000338 -0.000001546
1.000000107 -0.000074551 -0.000058367 0.000000844 0.000074615 1.000000442 0.000044403 0.000069991 0.000058895 -0.000044383 0.999999403 -0.000000722
0.999999654 -0.000044581 -0.000040281 0.000001327 0.000044530 0.999999830 0.000068693 0.000109986 0.000040765 -0.000068651 0.999999823 -0.000001134
0.999999648 -0.000036593 -0.000058391 0.000001930 0.000036620 1.000000452 0.000096013 0.000159980 0.000059286 -0.000095989 0.999999634 -0.000001649
0.999999484 -0.000028761 -0.000066269 0.000003980 0.000028802 1.000000309 0.000197725 0.000329959 0.000067177 -0.000197684 1.000000041 -0.000003401
0.999999676 -0.000056422 -0.000081770 0.000004221 0.000056462 1.000000540 0.000207710 0.000349956 0.000082513 -0.000207651 0.999999799 -0.000003608
1.000000142 -0.000070141 -0.000076443 0.000003739 0.000070105 0.999999972 0.000181841 0.000309961 0.000077381 -0.000181767 0.999999604 -0.000003195
1.000000350 -0.000085268 -0.000059624 0.000003377 0.000085227 1.000000335 0.000164338 0.000279965 0.000060195 -0.000164311 0.999999807 -0.000002886
0.999999874 -0.000101065 -0.000034416 0.000002894 0.000101070 0.999999764 0.000141126 0.000239970 0.000034544 -0.000141109 0.999999377 -0.000002474
1.000000043 -0.000105472 -0.000035017 0.000003015 0.000105483 0.999999779 0.000144942 0.000249969 0.000035908 -0.000144849 1.000000100 -0.000002577
0.999999980 -0.000093938 0.000016472 0.000002533 0.000093957 0.999999853 0.000124213 0.000209974 -0.000015064 -0.000124176 0.999999621 -0.000002165
1.000000055 -0.000059424 0.000070540 0.000002774 0.000059392 1.000000303 0.000137260 0.000229971 -0.000069380 -0.000137134 0.999999325 -0.000002371
1.000000440 -0.000087572 0.000061092 0.000003497 0.000087583 1.000000284 0.000171983 0.000289964 -0.000060451 -0.000171905 0.999999776 -0.000002989
0.999999385 -0.000099843 0.000041205 0.000003497 0.000099901 1.000000463 0.000168924 0.000289964 -0.000040613 -0.000168943 1.000000015 -0.000002989
0.999999955 -0.000128527 -0.000004164 0.000003618 0.000128570 0.999999738 0.000175866 0.000299962 0.000005191 -0.000175823 0.999999412 -0.000003092
0.999999480 -0.000125703 -0.000025451 0.000003618 0.000125788 0.999999727 0.000173626 0.000299962 0.000025832 -0.000173557 0.999999758 -0.000003092
0.999999726 -0.000113683 -0.000038801 0.000003739 0.000113724 1.000000498 0.000181792 0.000309961 0.000039405 -0.000181737 1.000000067 -0.000003195
1.000000054 -0.000087791 -0.000082002 0.000002774 0.000087758 0.999999670 0.000134804 0.000229971 0.000082190 -0.000134696 0.999999788 -0.000002371
1.000000097 -0.000093342 -0.000097828 0.000002412 0.000093433 0.999999912 0.000117793 0.000199975 0.000099162 -0.000117769 0.999999825 -0.000002061
1.000000065 -0.000077456 -0.000108245 0.000002774 0.000077442 1.000000539 0.000135421 0.000229971 0.000109956 -0.000135388 0.999999805 -0.000002371
1.000000148 -0.000076347 -0.000084232 0.000002653 0.000076385 1.000000581 0.000130025 0.000219972 0.000085126 -0.000129988 0.999999306 -0.000002268
1.000000436 -0.000067904 -0.000097593 0.000002774 0.000067920 1.000000404 0.000137290 0.000229971 0.000098662 -0.000137248 0.999999624 -0.000002371
0.999999739 -0.000082909 -0.000096523 0.000003256 0.000082908 1.000000323 0.000162785 0.000269966 0.000096451 -0.000162702 1.000000008 -0.000002783
0.999999966 -0.000116629 -0.000058153 0.000003497 0.000116626 0.999999660 0.000169419 0.000289964 0.000059224 -0.000169398 0.999999640 -0.000002989
0.999999952 -0.000130890 -0.000064618 0.000003377 0.000130892 0.999999888 0.000164095 0.000279965 0.000065478 -0.000164059 0.999999510 -0.000002886
0.999999422 -0.000144285 -0.000055933 0.000003497 0.000144311 0.999999954 0.000173398 0.000289964 0.000056882 -0.000173328 1.000000130 -0.000002989
1.000000319 -0.000134254 -0.000042819 0.000004100 0.000134261 1.000000566 0.000199244 0.000339957 0.000043422 -0.000199194 1.000000233 -0.000003504
0.999999808 -0.000154609 0.000001893 0.000004100 0.000154614 0.999999793 0.000201004 0.000339957 -0.000000716 -0.000200974 1.000000100 -0.000003504
0.999999518 -0.000092263 -0.000005725 0.000004462 0.000092275 0.999999877 0.000216995 0.000369953 0.000005565 -0.000216933 0.999999866 -0.000003814
0.999999917 -0.000090828 -0.000001892 0.000003739 0.000090833 1.000000198 0.000184145 0.000309961 0.000001998 -0.000184111 0.999999858 -0.000003195
0.999999466 -0.000107129 -0.000001778 0.000003980 0.000107147 1.000000296 0.000193643 0.000329959 0.000002593 -0.000193617 0.999999760 -0.000003401
0.999999887 -0.000101554 0.000008718 0.000003739 0.000101624 1.000000344 0.000182515 0.000309961 -0.000008742 -0.000182460 0.999999713 -0.000003195
0.999999888 -0.000120891 0.000012673 0.000004342 0.000120895 1.000000258 0.000213472 0.000359955 -0.000011760 -0.000213426 0.999999810 -0.000003711
1.000000289 -0.000102602 -0.000004513 0.000004100 0.000102558 1.000000170 0.000200579 0.000339957 0.000004697 -0.000200529 0.999999920 -0.000003504
1.000000154 -0.000071090 -0.000076546 0.000004703 0.000071105 1.000000518 0.000226951 0.000389951 0.000077371 -0.000226918 0.999999901 -0.000004020
1.000000268 -0.000051812 -0.000081638 0.000005548 0.000051846 0.999999818 0.000272318 0.000459942 0.000081798 -0.000272325 0.999999896 -0.000004741
1.000000184 -0.000048559 -0.000071224 0.000005186 0.000048652 0.999999964 0.000254390 0.000429946 0.000072611 -0.000254352 0.999999919 -0.000004432
0.999999891 -0.000030040 -0.000080238 0.000005548 0.000030136 1.000000565 0.000271500 0.000459942 0.000080612 -0.000271442 0.999999789 -0.000004741
1.000000179 -0.000000377 -0.000078818 0.000005548 0.000000424 1.000000197 0.000272381 0.000459942 0.000080156 -0.000272365 0.999999664 -0.000004741
0.999999455 0.000002308 -0.000071277 0.000006271 -0.000002254 0.999999842 0.000303700 0.000519935 0.000071726 -0.000303659 1.000000173 -0.000005360
0.999999597 0.000029295 -0.000032986 0.000006271 -0.000029245 1.000000516 0.000303735 0.000519935 0.000034362 -0.000303727 0.999999873 -0.000005360
0.999999781 0.000073034 -0.000069693 0.000005427 -0.000072990 1.000000394 0.000264471 0.000449943 0.000069521 -0.000264378 0.999999699 -0.000004638
0.999999611 0.000048881 -0.000063222 0.000005548 -0.000048846 0.999999626 0.000270295 0.000459942 0.000063633 -0.000270168 0.999999824 -0.000004741
1.000000009 0.000069417 -0.000063152 0.000005668 -0.000069459 1.000000318 0.000276094 0.000469941 0.000063083 -0.000275972 0.999999765 -0.000004844
0.999999664 0.000086431 -0.000077645 0.000005186 -0.000086394 1.000000353 0.000252766 0.000429946 0.000078879 -0.000252747 0.999999751 -0.000004432
0.999999949 0.000097351 -0.000074196 0.000004945 -0.000097334 1.000000335 0.000241728 0.000409948 0.000075410 -0.000241644 1.000000280 -0.000004226
1.000000462 0.000102993 -0.000038415 0.000005427 -0.000103014 1.000000002 0.000267496 0.000449943 0.000039236 -0.000267412 0.999999946 -0.000004638
0.999999574 0.000094390 -0.000035744 0.000005186 -0.000094339 1.000000232 0.000255162 0.000429946 0.000035680 -0.000255172 0.999999842 -0.000004432
1.000000184 0.000087876 -0.000033081 0.000004945 -0.000087869 1.000000444 0.000242227 0.000409948 0.000033441 -0.000242210 0.999999744 -0.000004226
1.000000205 0.000091964 -0.000025067 0.000005306 -0.000091949 1.000000221 0.000259131 0.000439945 0.000025673 -0.000259067 0.999999639 -0.000004535
0.999999749 0.000011215 0.000002260 0.000005910 -0.000011212 0.999999926 0.000285109 0.000489938 -0.000001294 -0.000285084 0.999999996 -0.000005051
1.000000024 -0.000017312 -0.000005034 0.000005668 0.000017366 1.000000382 0.000274288 0.000469941 0.000006222 -0.000274278 0.999999275 -0.000004844
1.000000356 -0.000006539 -0.000010941 0.000006271 0.000006620 0.999999928 0.000305672 0.000519935 0.000011971 -0.000305659 1.000000176 -0.000005360
0.999999397 0.000029999 -0.000083157 0.000006513 -0.000029930 1.000000373 0.000316836 0.000539932 0.000084050 -0.000316767 1.000000315 -0.000005566
0.999999940 0.000044439 -0.000074960 0.000007116 -0.000044425 0.999999868 0.000348909 0.000589926 0.000075627 -0.000348838 1.000000054 -0.000006081
1.000000339 0.000069196 -0.000040073 0.000007477 -0.000069190 1.000000417 0.000363711 0.000619922 0.000041059 -0.000363650 0.999999185 -0.000006391
0.999999821 0.000077549 -0.000044230 0.000007598 -0.000077547 1.000000254 0.000369715 0.000629921 0.000044727 -0.000369676 0.999999470 -0.000006494
0.999999672 0.000074639 -0.000050039 0.000007357 -0.000074579 1.000000436 0.000355539 0.000609923 0.000051097 -0.000355490 1.000000078 -0.000006287
1.000000283 0.000047268 -0.000018471 0.000006754 -0.000047208 1.000000040 0.000328883 0.000559930 0.000019573 -0.000328865 0.999999868 -0.000005772
1.000000201 0.000054020 -0.000018312 0.000005910 -0.000054007 1.000000376 0.000288452 0.000489938 0.000019644 -0.000288383 0.999999522 -0.000005051
1.000000088 0.000042187 -0.000033332 0.000005668 -0.000042159 0.999999656 0.000275038 0.000469941 0.000033733 -0.000275061 1.000000168 -0.000004844
0.999999890 0.000060270 -0.000059906 0.000006392 -0.000060186 1.000000063 0.000311453 0.000529933 0.000060169 -0.000311405 0.999999169 -0.000005463
1.000000045 0.000053183 -0.000051370 0.000006271 -0.000053168 1.000000180 0.000308428 0.000519935 0.000052286 -0.000308371 0.999999917 -0.000005360
1.000000258 0.000065891 -0.000081632 0.000006633 -0.000065857 0.999999841 0.000326477 0.000549931 0.000082896 -0.000326437 1.000000100 -0.000005669
1.000000036 0.000061422 -0.000070006 0.000006030 -0.000061378 1.000000249 0.000292183 0.000499937 0.000070810 -0.000292068 1.000000176 -0.000005154
0.999999720 0.000047305 -0.000081416 0.000005910 -0.000047257 1.000000433 0.000290715 0.000489938 0.000082057 -0.000290671 0.999999706 -0.000005051
0.999999889 0.000025349 -0.000106327 0.000005789 -0.000025302 0.999999758 0.000284915 0.000479940 0.000106671 -0.000284892 0.999999673 -0.000004948
0.999999549 -0.000005535 -0.000070697 0.000007236 0.000005545 1.000000442 0.000351714 0.000599925 0.000071646 -0.000351644 0.999999678 -0.000006184
1.000000098 -0.000022362 -0.000075798 0.000006995 0.000022382 0.999999739 0.000342632 0.000579927 0.000075701 -0.000342560 0.999999471 -0.000005978
0.999999741 -0.000021420 -0.000070715 0.000007236 0.000021443 0.999999648 0.000350294 0.000599925 0.000071482 -0.000350285 0.999999693 -0.000006184
0.999999653 -0.000024091 -0.000113058 0.000007477 0.000024175 1.000000531 0.000364831 0.000619922 0.000113324 -0.000364768 1.000000190 -0.000006391
0.999999800 -0.000093688 -0.000103423 0.000007116 0.000093788 1.000000569 0.000345557 0.000589926 0.000104149 -0.000345520 0.999999580 -0.000006081
0.999999863 -0.000146765 -0.000095580 0.000008322 0.000146815 0.999999627 0.000401962 0.000689913 0.000096555 -0.000401952 0.999999830 -0.000007112
1.000000343 -0.000044272 -0.000048445 0.000008804 0.000044309 1.000000160 0.000424458 0.000729908 0.000049224 -0.000424384 1.000000014 -0.000007524
0.999999734 -0.000053277 -0.000057241 0.000009528 0.000053305 0.999999906 0.000459625 0.000789901 0.000057705 -0.000459566 0.999999698 -0.000008143
0.999999845 -0.000072033 -0.000055858 0.000009407 0.000072089 1.000000154 0.000457447 0.000779902 0.000056101 -0.000457385 0.999999605 -0.000008040
0.999999884 -0.000084374 -0.000010107 0.000010010 0.000084428 1.000000049 0.000482081 0.000829896 0.000011284 -0.000482022 0.999999883 -0.000008555
0.999999804 -0.000144746 -0.000000897 0.000010010 0.000144729 0.999999786 0.000481250 0.000829896 0.000000796 -0.000481172 0.999999845 -0.000008555
